1.000000000000000082e-05
1.122018454301963009e-05
1.258925411794166114e-05
1.412537544622755495e-05
1.584893192461114123e-05
1.778279410038922901e-05
1.995262314968878622e-05
2.238721138568337924e-05
2.511886431509582188e-05
2.818382931264454874e-05
3.162277660168379530e-05
3.548133892335753357e-05
3.981071705534969458e-05
4.466835921509634821e-05
5.011872336272725140e-05
5.623413251903490700e-05
6.309573444801929300e-05
7.079457843841373125e-05
7.943282347242822084e-05
8.912509381337458780e-05
1.000000000000000048e-04
1.079775162327709402e-04
1.165914401179832320e-04
1.258925411794167436e-04
1.359356390878525497e-04
1.467799267622068920e-04
1.584893192461114190e-04
1.711328304161780964e-04
1.847849797422290621e-04
1.995262314968878758e-04
2.154434690031884489e-04
2.326305067153626221e-04
2.511886431509579545e-04
2.712272579332029778e-04
2.928644564625237511e-04
3.162277660168379394e-04
3.414548873833600853e-04
3.686945064519573344e-04
3.981071705534973523e-04
4.298662347082276734e-04
4.641588833612777317e-04
5.011872336272725275e-04
5.411695265464637472e-04
5.843414133735175394e-04
6.309573444801929842e-04
6.812920690579615064e-04
7.356422544596414020e-04
7.943282347242813140e-04
8.576958985908946257e-04
9.261187281287937756e-04
1.000000000000000021e-03
1.047128548050899619e-03
1.096478196143185150e-03
1.148153621496882885e-03
1.202264434617413003e-03
1.258925411794167490e-03
1.318256738556407509e-03
1.380384264602885300e-03
1.445439770745927987e-03
1.513561248436208744e-03
1.584893192461114082e-03
1.659586907437561295e-03
1.737800828749376265e-03
1.819700858609982642e-03
1.905460717963248195e-03
1.995262314968878920e-03
2.089296130854038577e-03
2.187761623949552054e-03
2.290867652767772378e-03
2.398832919019489897e-03
2.511886431509579437e-03
2.630267991895381303e-03
2.754228703338165978e-03
2.884031503126605490e-03
3.019951720402016138e-03
3.162277660168379394e-03
3.311311214825910908e-03
3.467368504525316676e-03
3.630780547701014001e-03
3.801893963205612691e-03
3.981071705534973415e-03
4.168693834703355271e-03
4.365158322401660983e-03
4.570881896148752156e-03
4.786300923226385375e-03
5.011872336272724625e-03
5.248074602497722861e-03
5.495408738576248141e-03
5.754399373371566623e-03
6.025595860743580487e-03
6.309573444801930275e-03
6.606934480075964296e-03
6.918309709189362708e-03
7.244359600749898306e-03
7.585775750291835935e-03
7.943282347242813790e-03
8.317637711026708985e-03
8.709635899560804612e-03
9.120108393559096804e-03
9.549925860214358853e-03
1.000000000000000021e-02
1.023292992280754217e-02
1.047128548050899575e-02
1.071519305237606488e-02
1.096478196143185063e-02
1.122018454301963557e-02
1.148153621496882971e-02
1.174897554939529666e-02
1.202264434617413176e-02
1.230268770812381791e-02
1.258925411794167490e-02
1.288249551693134223e-02
1.318256738556407466e-02
1.348962882591653312e-02
1.380384264602885214e-02
1.412537544622754007e-02
1.445439770745927249e-02
1.479108388168207111e-02
1.513561248436207964e-02
1.548816618912481069e-02
1.584893192461113431e-02
1.621810097358929864e-02
1.659586907437560557e-02
1.698243652461744330e-02
1.737800828749375484e-02
1.778279410038922925e-02
1.819700858609983596e-02
1.862087136662867598e-02
1.905460717963247327e-02
1.949844599758045541e-02
1.995262314968879874e-02
2.041737944669529473e-02
2.089296130854039618e-02
2.137962089502232557e-02
2.187761623949553008e-02
2.238721138568339902e-02
2.290867652767772378e-02
2.344228815319922624e-02
2.398832919019489723e-02
2.454708915685031162e-02
2.511886431509579437e-02
2.570395782768864629e-02
2.630267991895381477e-02
2.691534803926915256e-02
2.754228703338166065e-02
2.818382931264453578e-02
2.884031503126605750e-02
2.951209226666385438e-02
3.019951720402016052e-02
3.090295432513590415e-02
3.162277660168379134e-02
3.235936569296282705e-02
3.311311214825911342e-02
3.388441561392025597e-02
3.467368504525316503e-02
3.548133892335755130e-02
3.630780547701013827e-02
3.715352290971726118e-02
3.801893963205612431e-02
3.890451449942804868e-02
3.981071705534973415e-02
4.073802778041125949e-02
4.168693834703354750e-02
4.265795188015925749e-02
4.365158322401661156e-02
4.466835921509629964e-02
4.570881896148751983e-02
4.677351412871981473e-02
4.786300923226385201e-02
4.897788193684461666e-02
5.011872336272724798e-02
5.128613839913648276e-02
5.248074602497725810e-02
5.370317963702526953e-02
5.495408738576245539e-02
5.623413251903491145e-02
5.754399373371569398e-02
5.888436553555889685e-02
6.025595860743578058e-02
6.165950018614822087e-02
6.309573444801933051e-02
6.456542290346556356e-02
6.606934480075961347e-02
6.760829753919818386e-02
6.918309709189363055e-02
7.079457843841380216e-02
7.244359600749898653e-02
7.413102413009177438e-02
7.585775750291835762e-02
7.762471166286918911e-02
7.943282347242813790e-02
8.128305161640994592e-02
8.317637711026708291e-02
8.511380382023767122e-02
8.709635899560805306e-02
8.912509381337459236e-02
9.120108393559096804e-02
9.332543007969909543e-02
9.549925860214358853e-02
9.772372209558106981e-02
1.000000000000000056e-01
1.023292992280754182e-01
1.047128548050899610e-01
1.071519305237606523e-01
1.096478196143185063e-01
1.122018454301963591e-01
1.148153621496882937e-01
1.174897554939529770e-01
1.202264434617413141e-01
1.230268770812381757e-01
1.258925411794167559e-01
1.288249551693134154e-01
1.318256738556407293e-01
1.348962882591653867e-01
1.380384264602885214e-01
1.412537544622754770e-01
1.445439770745927111e-01
1.479108388168207111e-01
1.513561248436207929e-01
1.548816618912481069e-01
1.584893192461113431e-01
1.621810097358929725e-01
1.659586907437560488e-01
1.698243652461744191e-01
1.737800828749375415e-01
1.778279410038922925e-01
1.819700858609983596e-01
1.862087136662867459e-01
1.905460717963247397e-01
1.949844599758045471e-01
1.995262314968879735e-01
2.041737944669529681e-01
2.089296130854039757e-01
2.137962089502232488e-01
2.187761623949552869e-01
2.238721138568340041e-01
2.290867652767773488e-01
2.344228815319922832e-01
2.398832919019490972e-01
2.454708915685031023e-01
2.511886431509580686e-01
2.570395782768863380e-01
2.630267991895381408e-01
2.691534803926915465e-01
2.754228703338166273e-01
2.818382931264453717e-01
2.884031503126605611e-01
2.951209226666385299e-01
3.019951720402015982e-01
3.090295432513590623e-01
3.162277660168379412e-01
3.235936569296282705e-01
3.311311214825911065e-01
3.388441561392025458e-01
3.467368504525316641e-01
3.548133892335754713e-01
3.630780547701014105e-01
3.715352290971725702e-01
3.801893963205612570e-01
3.890451449942806672e-01
3.981071705534973137e-01
4.073802778041128447e-01
4.168693834703355305e-01
4.265795188015927830e-01
4.365158322401661017e-01
4.466835921509632601e-01
4.570881896148751844e-01
4.677351412871981196e-01
4.786300923226382564e-01
4.897788193684461389e-01
5.011872336272722439e-01
5.128613839913648276e-01
5.248074602497725394e-01
5.370317963702526676e-01
5.495408738576245122e-01
5.623413251903490728e-01
5.754399373371569260e-01
5.888436553555890240e-01
6.025595860743577781e-01
6.165950018614821948e-01
6.309573444801933606e-01
6.456542290346556356e-01
6.606934480075961069e-01
6.760829753919819218e-01
6.918309709189366385e-01
7.079457843841380216e-01
7.244359600749902262e-01
7.413102413009177161e-01
7.585775750291839925e-01
7.762471166286919466e-01
7.943282347242817121e-01
8.128305161640995147e-01
8.317637711026708569e-01
8.511380382023763236e-01
8.709635899560805861e-01
8.912509381337454517e-01
9.120108393559096527e-01
9.332543007969910098e-01
9.549925860214358853e-01
9.772372209558106704e-01
1.000000000000000000e+00
1.061745917854978627e+00
1.127304394081710903e+00
1.196910838596236815e+00
1.270815196915933587e+00
1.349282847673563213e+00
1.432595555549146749e+00
1.521052483041491765e+00
1.614971264712482979e+00
1.714689147761571109e+00
1.820564203026080241e+00
1.932976610755843039e+00
2.052330025779168565e+00
2.179053026962235240e+00
2.313600656166687752e+00
2.456456052231580589e+00
2.608132185847037210e+00
2.769173701549274114e+00
2.940158873451302668e+00
3.121701681732012901e+00
3.314454017339986791e+00
3.519108022828765669e+00
3.736398577729146186e+00
3.967105937383069492e+00
4.212058534714722136e+00
4.472135954999579610e+00
4.748272094313280789e+00
5.041458513001834341e+00
5.352747996214929138e+00
5.683258334287617508e+00
6.034176336545161945e+00
6.406762092943936615e+00
6.802353498851243963e+00
7.222371059211839750e+00
7.668322989352109431e+00
8.141810630738087085e+00
8.644534201134433715e+00
9.178298899812233458e+00
9.745021389728478312e+00
1.034673667995366309e+01
1.098560543306117765e+01
1.166392172371818070e+01
1.238412127633778503e+01
1.314879021137263138e+01
1.396067433165638683e+01
1.482268898213895092e+01
1.573792951842000143e+01
1.670968242167180762e+01
1.774143709986313411e+01
1.883689841766055650e+01
